Specimen_001_A1_A01.fcs	19175	18564	16101
Specimen_001_A2_A02.fcs	20000	19613	14922
Specimen_001_A3_A03.fcs	19305	18865	15610
Specimen_001_A4_A04.fcs	19695	19233	17962
Specimen_001_A5_A05.fcs	20000	19640	9138
Specimen_001_A6_A06.fcs	19825	19259	9421
Specimen_001_A7_A07.fcs	17225	16877	13723
Specimen_001_A8_A08.fcs	14365	13707	10346
Specimen_001_A9_A09.fcs	18200	17694	10479
Specimen_001_A10_A10.fcs	16770	16110	11999
Specimen_001_A11_A11.fcs	19045	18660	14807
Specimen_001_A12_A12.fcs	19045	18620	8084
Specimen_001_A13_A13.fcs	20000	19656	9463
Specimen_001_A14_A14.fcs	18135	17484	7797
Specimen_001_A15_A15.fcs	18720	18349	15961
Specimen_001_A16_A16.fcs	19435	19084	17663
Specimen_001_A17_A17.fcs	19110	18711	9056
Specimen_001_A18_A18.fcs	17225	16812	6261
Specimen_001_A19_A19.fcs	18265	17898	13857
Specimen_001_A20_A20.fcs	18005	17595	14222
Specimen_001_A21_A21.fcs	20000	19653	9173
Specimen_001_A22_A22.fcs	20000	19448	8532
Specimen_001_A23_A23.fcs	20000	19613	13843
Specimen_001_A24_A24.fcs	20000	19737	14641
Specimen_001_B1_B01.fcs	20000	19650	17839
Specimen_001_B2_B02.fcs	20000	19548	13880
Specimen_001_B3_B03.fcs	20000	19641	17267
Specimen_001_B4_B04.fcs	20000	19667	18788
Specimen_001_B5_B05.fcs	19760	19396	13991
Specimen_001_B6_B06.fcs	20000	19544	13927
Specimen_001_B7_B07.fcs	19045	18604	16158
Specimen_001_B8_B08.fcs	20000	19465	16841
Specimen_001_B9_B09.fcs	19500	19000	15048
Specimen_001_B10_B10.fcs	20000	19662	16673
Specimen_001_B11_B11.fcs	20000	19488	17229
Specimen_001_B12_B12.fcs	20000	19570	13543
Specimen_001_B13_B13.fcs	20000	19621	14335
Specimen_001_B14_B14.fcs	20000	19481	13209
Specimen_001_B15_B15.fcs	20000	19679	17372
Specimen_001_B16_B16.fcs	20000	19654	18784
Specimen_001_B17_B17.fcs	20000	19891	15066
Specimen_001_B18_B18.fcs	20000	19821	14209
Specimen_001_B19_B19.fcs	20000	19681	17385
Specimen_001_B20_B20.fcs	20000	19730	17478
Specimen_001_B21_B21.fcs	20000	19931	14932
Specimen_001_B22_B22.fcs	20000	19896	14095
Specimen_001_B23_B23.fcs	20000	19839	13939
Specimen_001_B24_B24.fcs	20000	19638	14024
Specimen_001_C1_C01.fcs	20000	19912	10737
Specimen_001_C2_C02.fcs	20000	19804	13745
Specimen_001_C3_C03.fcs	18915	18640	14104
Specimen_001_C4_C04.fcs	20000	19445	6888
Specimen_001_C5_C05.fcs	19955	19394	8029
Specimen_001_C6_C06.fcs	16380	15932	5937
Specimen_001_C7_C07.fcs	19825	19558	9633
Specimen_001_C8_C08.fcs	12870	12586	9377
Specimen_001_C9_C09.fcs	16705	16218	7776
Specimen_001_C10_C10.fcs	13065	12832	5646
Specimen_001_C11_C11.fcs	17680	17521	8223
Specimen_001_C12_C12.fcs	13650	13292	11473
Specimen_001_C13_C13.fcs	15990	15476	7328
Specimen_001_C14_C14.fcs	12805	12394	7184
Specimen_001_C15_C15.fcs	14690	14242	10451
Specimen_001_C16_C16.fcs	10855	10519	7133
Specimen_001_C17_C17.fcs	12610	12277	5372
Specimen_001_C18_C18.fcs	9750	8892	3034
Specimen_001_C19_C19.fcs	13455	12993	4043
Specimen_001_C20_C20.fcs	11505	10996	2596
Specimen_001_C21_C21.fcs	18525	18199	8083
Specimen_001_C22_C22.fcs	15925	15347	5776
Specimen_001_C23_C23.fcs	18915	18267	11502
Specimen_001_C24_C24.fcs	13845	13345	7610
Specimen_001_D1_D01.fcs	15990	15460	10746
Specimen_001_D2_D02.fcs	5852	5305	3110
Specimen_001_D3_D03.fcs	20000	19672	16829
Specimen_001_D4_D04.fcs	20000	19771	13402
Specimen_001_D5_D05.fcs	19825	19435	13111
Specimen_001_D6_D06.fcs	20000	19910	14967
Specimen_001_D7_D07.fcs	18915	18866	13192
Specimen_001_D8_D08.fcs	20000	19926	16962
Specimen_001_D9_D09.fcs	17615	17452	12553
Specimen_001_D10_D10.fcs	20000	19962	15095
Specimen_001_D11_D11.fcs	16380	16150	11928
Specimen_001_D12_D12.fcs	20000	19866	17762
Specimen_001_D13_D13.fcs	17355	17237	12362
Specimen_001_D14_D14.fcs	20000	19863	16290
Specimen_001_D15_D15.fcs	16770	16615	14451
Specimen_001_D16_D16.fcs	20000	19835	16990
Specimen_001_D17_D17.fcs	15145	15110	11210
Specimen_001_D18_D18.fcs	19630	19352	14437
Specimen_001_D19_D19.fcs	14885	14561	9338
Specimen_001_D20_D20.fcs	20000	19699	11697
Specimen_001_D21_D21.fcs	20000	19605	14248
Specimen_001_D22_D22.fcs	20000	19508	13460
Specimen_001_D23_D23.fcs	20000	19702	15652
Specimen_001_D24_D24.fcs	20000	19838	15329
Specimen_001_E1_E01.fcs	16770	16436	11787
Specimen_001_E2_E02.fcs	20000	19625	8920
Specimen_001_E3_E03.fcs	19500	19042	15858
Specimen_001_E4_E04.fcs	14820	14471	5916
Specimen_001_E5_E05.fcs	20000	19748	7953
Specimen_001_E6_E06.fcs	15730	15435	6408
Specimen_001_E7_E07.fcs	13910	13644	10496
Specimen_001_E8_E08.fcs	13975	13591	5109
Specimen_001_E9_E09.fcs	18200	17916	7202
Specimen_001_E10_E10.fcs	13390	12937	4950
Specimen_001_E11_E11.fcs	17810	17445	6174
Specimen_001_E12_E12.fcs	12350	11940	3858
Specimen_001_E13_E13.fcs	15145	14664	11184
Specimen_001_E14_E14.fcs	11245	10807	4174
Specimen_001_E15_E15.fcs	18265	17792	8161
Specimen_001_E16_E16.fcs	12935	12559	4350
Specimen_001_E17_E17.fcs	13585	13110	7782
Specimen_001_E18_E18.fcs	11050	10609	5293
Specimen_001_E19_E19.fcs	14170	13639	4605
Specimen_001_E20_E20.fcs	11960	11730	3327
Specimen_001_E21_E21.fcs	11960	11556	5023
Specimen_001_E22_E22.fcs	10465	10049	3717
Specimen_001_E23_E23.fcs	15990	15527	5883
Specimen_001_E24_E24.fcs	16315	15900	5636
Specimen_001_F1_F01.fcs	20000	19699	16945
Specimen_001_F2_F02.fcs	20000	19622	13539
Specimen_001_F3_F03.fcs	20000	19640	17083
Specimen_001_F4_F04.fcs	20000	19441	14735
Specimen_001_F5_F05.fcs	20000	19593	13384
Specimen_001_F6_F06.fcs	20000	19661	14603
Specimen_001_F7_F07.fcs	18330	18039	16540
Specimen_001_F8_F08.fcs	20000	19602	13703
Specimen_001_F9_F09.fcs	18265	17839	12005
Specimen_001_F10_F10.fcs	20000	19766	14594
Specimen_001_F11_F11.fcs	18265	18179	12327
Specimen_001_F12_F12.fcs	20000	19870	13272
Specimen_001_F13_F13.fcs	19500	19063	16426
Specimen_001_F14_F14.fcs	19630	19162	13838
Specimen_001_F15_F15.fcs	17355	17198	12565
Specimen_001_F16_F16.fcs	20000	19773	14825
Specimen_001_F17_F17.fcs	15015	14509	12449
Specimen_001_F18_F18.fcs	18395	18293	15470
Specimen_001_F19_F19.fcs	17095	16963	11325
Specimen_001_F20_F20.fcs	20000	19953	13142
Specimen_001_F21_F21.fcs	18005	17997	13274
Specimen_001_F22_F22.fcs	19110	18948	13803
Specimen_001_F23_F23.fcs	20000	19938	13474
Specimen_001_F24_F24.fcs	20000	19698	12742
Specimen_001_G1_G01.fcs	20000	19920	8039
Specimen_001_G2_G02.fcs	20000	19919	7639
Specimen_001_G3_G03.fcs	18070	18044	9116
Specimen_001_G4_G04.fcs	20000	19427	6786
Specimen_001_G5_G05.fcs	20000	19840	7395
Specimen_001_G6_G06.fcs	13650	13465	10263
Specimen_001_G7_G07.fcs	14040	13541	6429
Specimen_001_G8_G08.fcs	18590	18115	6357
Specimen_001_G9_G09.fcs	16250	16179	6311
Specimen_001_G10_G10.fcs	11310	11041	7734
Specimen_001_G11_G11.fcs	20000	19602	7429
Specimen_001_G12_G12.fcs	14300	13971	6520
Specimen_001_G13_G13.fcs	15925	15647	6738
Specimen_001_G14_G14.fcs	17095	16796	6703
Specimen_001_G15_G15.fcs	17095	16809	5670
Specimen_001_G16_G16.fcs	14755	14274	4640
Specimen_001_G17_G17.fcs	15535	15145	6036
Specimen_001_G18_G18.fcs	12285	11970	3729
Specimen_001_G19_G19.fcs	13520	13142	8097
Specimen_001_G20_G20.fcs	11180	10699	5399
Specimen_001_G21_G21.fcs	12545	12214	6511
Specimen_001_G22_G22.fcs	10465	10066	4089
Specimen_001_G23_G23.fcs	18850	18457	9570
Specimen_001_G24_G24.fcs	14690	14269	6640
Specimen_001_H1_H01.fcs	20000	19505	13269
Specimen_001_H2_H02.fcs	20000	19632	12994
Specimen_001_H3_H03.fcs	20150	19924	14938
Specimen_001_H4_H04.fcs	20000	19501	13264
Specimen_001_H5_H05.fcs	20000	19731	13296
Specimen_001_H6_H06.fcs	20000	19732	17672
Specimen_001_H7_H07.fcs	16055	15622	11619
Specimen_001_H8_H08.fcs	20000	19677	14153
Specimen_001_H9_H09.fcs	16315	15948	11484
Specimen_001_H10_H10.fcs	20000	19830	17574
Specimen_001_H11_H11.fcs	17355	17157	10435
Specimen_001_H12_H12.fcs	19630	19571	14620
Specimen_001_H13_H13.fcs	17680	17368	12630
Specimen_001_H14_H14.fcs	20000	19668	13184
Specimen_001_H15_H15.fcs	14885	14444	9453
Specimen_001_H16_H16.fcs	20000	19947	13736
Specimen_001_H17_H17.fcs	16120	15996	11534
Specimen_001_H18_H18.fcs	20000	19577	13884
Specimen_001_H19_H19.fcs	16185	15985	12434
Specimen_001_H20_H20.fcs	20000	19911	14688
Specimen_001_H21_H21.fcs	16965	16725	12482
Specimen_001_H22_H22.fcs	20000	19739	13245
Specimen_001_H23_H23.fcs	20000	19953	14146
Specimen_001_H24_H24.fcs	20000	19818	13619
Specimen_001_I1_I01.fcs	19110	18544	15611
Specimen_001_I2_I02.fcs	20215	19656	7808
Specimen_001_I3_I03.fcs	17160	16718	12720
Specimen_001_I4_I04.fcs	13975	13484	11773
Specimen_001_I5_I05.fcs	18070	17764	12914
Specimen_001_I6_I06.fcs	12350	12020	4104
Specimen_001_I7_I07.fcs	18265	17894	8684
Specimen_001_I8_I08.fcs	12025	11572	10079
Specimen_001_I9_I09.fcs	17095	16640	7812
Specimen_001_I10_I10.fcs	15080	14876	5493
Specimen_001_I11_I11.fcs	13845	13544	10183
Specimen_001_I12_I12.fcs	11830	11558	4018
Specimen_001_I13_I13.fcs	16120	15872	9147
Specimen_001_I14_I14.fcs	14690	14536	12036
Specimen_001_I15_I15.fcs	18135	17901	7750
Specimen_001_I16_I16.fcs	13390	13283	4882
Specimen_001_I17_I17.fcs	10855	10587	7217
Specimen_001_I18_I18.fcs	9157	8995	5048
Specimen_001_I19_I19.fcs	12220	12050	8610
Specimen_001_I20_I20.fcs	10270	10146	6670
Specimen_001_I21_I21.fcs	13520	13458	10102
Specimen_001_I22_I22.fcs	11505	11265	8331
Specimen_001_I23_I23.fcs	15210	14924	12128
Specimen_001_I24_I24.fcs	13910	13693	10463
Specimen_001_J1_J01.fcs	20000	19672	17162
Specimen_001_J2_J02.fcs	20000	19597	14050
Specimen_001_J3_J03.fcs	20000	19479	17240
Specimen_001_J4_J04.fcs	20000	19759	18758
Specimen_001_J5_J05.fcs	20000	19680	16737
Specimen_001_J6_J06.fcs	20000	19484	13655
Specimen_001_J7_J07.fcs	18590	18079	13172
Specimen_001_J8_J08.fcs	20000	19462	18441
Specimen_001_J9_J09.fcs	15925	15477	11889
Specimen_001_J10_J10.fcs	20000	19497	13770
Specimen_001_J11_J11.fcs	16900	16513	14090
Specimen_001_J12_J12.fcs	18330	17844	13635
Specimen_001_J13_J13.fcs	15015	14682	11508
Specimen_001_J14_J14.fcs	18135	17683	15167
Specimen_001_J15_J15.fcs	14950	14388	10379
Specimen_001_J16_J16.fcs	20000	19505	13942
Specimen_001_J17_J17.fcs	14690	14169	11593
Specimen_001_J18_J18.fcs	20000	19691	16646
Specimen_001_J19_J19.fcs	16055	15578	13606
Specimen_001_J20_J20.fcs	20000	19807	17224
Specimen_001_J21_J21.fcs	17875	17578	15862
Specimen_001_J22_J22.fcs	20000	19895	18150
Specimen_001_J23_J23.fcs	20000	19928	18070
Specimen_001_J24_J24.fcs	20000	19687	17743
Specimen_001_K1_K01.fcs	20000	19652	7682
Specimen_001_K2_K02.fcs	20000	19542	7357
Specimen_001_K3_K03.fcs	18720	18453	7895
Specimen_001_K4_K04.fcs	12610	12490	6368
Specimen_001_K5_K05.fcs	17290	16906	7544
Specimen_001_K6_K06.fcs	10855	10728	7794
Specimen_001_K7_K07.fcs	14040	13766	5377
Specimen_001_K8_K08.fcs	10985	10520	7680
Specimen_001_K9_K09.fcs	12805	12266	6318
Specimen_001_K10_K10.fcs	8902	8504	5195
Specimen_001_K11_K11.fcs	14300	13903	12159
Specimen_001_K12_K12.fcs	13195	12733	4492
Specimen_001_K13_K13.fcs	15925	15445	5267
Specimen_001_K14_K14.fcs	10205	9849	6708
Specimen_001_K15_K15.fcs	13715	13189	5069
Specimen_001_K16_K16.fcs	9035	8750	5931
Specimen_001_K17_K17.fcs	15990	15610	12941
Specimen_001_K18_K18.fcs	12285	11888	8285
Specimen_001_K19_K19.fcs	18590	18186	11825
Specimen_001_K20_K20.fcs	14950	14642	8599
Specimen_001_K21_K21.fcs	12415	12174	4402
Specimen_001_K22_K22.fcs	10920	10706	3188
Specimen_001_K23_K23.fcs	18460	18052	15897
Specimen_001_K24_K24.fcs	14495	14145	12544
Specimen_001_L1_L01.fcs	20000	19643	13360
Specimen_001_L2_L02.fcs	20000	19569	14431
Specimen_001_L3_L03.fcs	20000	19685	13520
Specimen_001_L4_L04.fcs	20000	19572	18961
Specimen_001_L5_L05.fcs	18720	18457	12775
Specimen_001_L6_L06.fcs	20000	19489	16857
Specimen_001_L7_L07.fcs	20000	19860	14069
Specimen_001_L8_L08.fcs	15860	14982	13144
Specimen_001_L9_L09.fcs	14170	13519	10804
Specimen_001_L10_L10.fcs	20000	19411	16708
Specimen_001_L11_L11.fcs	17225	16531	15759
Specimen_001_L12_L12.fcs	20000	19479	12935
Specimen_001_L13_L13.fcs	16705	16139	10388
Specimen_001_L14_L14.fcs	20000	19726	17352
Specimen_001_L15_L15.fcs	14300	13397	9079
Specimen_001_L16_L16.fcs	20000	19212	16525
Specimen_001_L17_L17.fcs	18070	17365	14234
Specimen_001_L18_L18.fcs	20000	19290	15001
Specimen_001_L19_L19.fcs	15860	15175	11815
Specimen_001_L20_L20.fcs	20000	19582	13981
Specimen_001_L21_L21.fcs	16055	15399	10212
Specimen_001_L22_L22.fcs	20000	19683	13008
Specimen_001_L23_L23.fcs	20000	19427	18930
Specimen_001_L24_L24.fcs	20000	19754	19207
Specimen_001_M1_M01.fcs	20000	19289	8011
Specimen_001_M2_M02.fcs	17290	16504	12363
Specimen_001_M3_M03.fcs	20000	19078	6905
Specimen_001_M4_M04.fcs	12545	11648	4388
Specimen_001_M5_M05.fcs	17810	17439	12601
Specimen_001_M6_M06.fcs	15600	14848	11087
Specimen_001_M7_M07.fcs	17290	16805	6242
Specimen_001_M8_M08.fcs	12545	11929	3569
Specimen_001_M9_M09.fcs	19370	18947	8065
Specimen_001_M10_M10.fcs	11700	11078	4050
Specimen_001_M11_M11.fcs	17420	17170	6931
Specimen_001_M12_M12.fcs	12220	11400	3391
Specimen_001_M13_M13.fcs	18005	17690	6996
Specimen_001_M14_M14.fcs	14885	13894	7819
Specimen_001_M15_M15.fcs	14495	13774	10551
Specimen_001_M16_M16.fcs	10075	9650	3246
Specimen_001_M17_M17.fcs	12022	11546	4423
Specimen_001_M18_M18.fcs	9295	8506	2448
Specimen_001_M19_M19.fcs	12805	11864	4600
Specimen_001_M20_M20.fcs	10075	9347	2314
Specimen_001_M21_M21.fcs	14235	13544	5669
Specimen_001_M22_M22.fcs	11891	11464	3844
Specimen_001_M23_M23.fcs	19435	18439	14092
Specimen_001_M24_M24.fcs	17810	16993	13250
Specimen_001_N1_N01.fcs	20000	19274	14844
Specimen_001_N2_N02.fcs	20000	19240	17724
Specimen_001_N3_N03.fcs	19175	18656	13236
Specimen_001_N4_N04.fcs	20000	19002	13633
Specimen_001_N5_N05.fcs	19890	18924	15891
Specimen_001_N6_N06.fcs	20000	19222	16371
Specimen_001_N7_N07.fcs	19305	18388	12946
Specimen_001_N8_N08.fcs	20000	18907	11804
Specimen_001_N9_N09.fcs	18135	17149	12661
Specimen_001_N10_N10.fcs	18200	17432	12544
Specimen_001_N11_N11.fcs	17940	17613	12327
Specimen_001_N12_N12.fcs	18200	17402	11045
Specimen_001_N13_N13.fcs	17745	16917	12174
Specimen_001_N14_N14.fcs	17875	17398	12962
Specimen_001_N15_N15.fcs	17550	16747	14564
Specimen_001_N16_N16.fcs	20000	19286	14027
Specimen_001_N17_N17.fcs	14300	13660	9592
Specimen_001_N18_N18.fcs	17485	16668	12198
Specimen_001_N19_N19.fcs	17225	16406	11331
Specimen_001_N20_N20.fcs	19565	18737	12087
Specimen_001_N21_N21.fcs	20000	18954	13555
Specimen_001_N22_N22.fcs	20000	19092	13780
Specimen_001_N23_N23.fcs	20000	19744	17489
Specimen_001_N24_N24.fcs	20000	19175	16596
Specimen_001_O1_O01.fcs	20000	19380	9525
Specimen_001_O2_O02.fcs	20000	19270	17032
Specimen_001_O3_O03.fcs	20000	19109	10210
Specimen_001_O4_O04.fcs	19305	18453	15331
Specimen_001_O5_O05.fcs	20000	18999	12333
Specimen_001_O6_O06.fcs	15665	14928	11414
Specimen_001_O7_O07.fcs	18330	17780	12788
Specimen_001_O8_O08.fcs	17726	16613	6142
Specimen_001_O9_O09.fcs	18525	17784	9144
Specimen_001_O10_O10.fcs	15925	15006	7086
Specimen_001_O11_O11.fcs	16900	15982	9359
Specimen_001_O12_O12.fcs	19760	18726	7936
Specimen_001_O13_O13.fcs	20000	19038	10400
Specimen_001_O14_O14.fcs	11765	11143	7657
Specimen_001_O15_O15.fcs	20000	19295	10017
Specimen_001_O16_O16.fcs	12545	11614	8618
Specimen_001_O17_O17.fcs	17290	16582	12055
Specimen_001_O18_O18.fcs	12584	11927	7252
Specimen_001_O19_O19.fcs	18135	17214	14011
Specimen_001_O20_O20.fcs	12935	12114	9204
Specimen_001_O21_O21.fcs	20000	19052	15569
Specimen_001_O22_O22.fcs	12935	12363	9647
Specimen_001_O23_O23.fcs	20000	19336	19109
Specimen_001_O24_O24.fcs	18135	17572	17310
Specimen_001_P1_P01.fcs	20000	19309	13459
Specimen_001_P2_P02.fcs	20000	19144	17075
Specimen_001_P3_P03.fcs	20000	19627	15282
Specimen_001_P4_P04.fcs	20000	19204	17242
Specimen_001_P5_P05.fcs	20000	19395	15268
Specimen_001_P6_P06.fcs	20000	19086	16604
Specimen_001_P7_P07.fcs	19500	18997	16148
Specimen_001_P8_P08.fcs	20000	19545	14168
Specimen_001_P9_P09.fcs	18525	17496	12534
Specimen_001_P10_P10.fcs	19565	18772	14494
Specimen_001_P11_P11.fcs	18915	17955	13157
Specimen_001_P12_P12.fcs	18915	18050	13128
Specimen_001_P13_P13.fcs	19955	19183	13148
Specimen_001_P14_P14.fcs	18915	17979	15516
Specimen_001_P15_P15.fcs	18265	17553	11861
Specimen_001_P16_P16.fcs	20000	19115	16664
Specimen_001_P17_P17.fcs	19760	19157	16010
Specimen_001_P18_P18.fcs	20000	19357	16178
Specimen_001_P19_P19.fcs	20000	18961	16925
Specimen_001_P20_P20.fcs	20000	19140	16901
Specimen_001_P21_P21.fcs	20000	19397	17490
Specimen_001_P22_P22.fcs	20000	19536	17434
Specimen_001_P23_P23.fcs	20000	19723	19495
Specimen_001_P24_P24.fcs	20000	19615	19403
