Specimen_001_A1_A01_001.fcs	20000	34.0	6375
Specimen_001_A2_A02_002.fcs	20176	24.0	10633
Specimen_001_A3_A03_003.fcs	20072	55.0	6207
Specimen_001_A4_A04_004.fcs	20000	76.0	14431
Specimen_001_A5_A05_005.fcs	20000	45.0	4733
Specimen_001_A6_A06_006.fcs	20000	57.0	8230
Specimen_001_A7_A07_007.fcs	20000	31.0	4365
Specimen_001_A8_A08_008.fcs	20000	42.0	4778
Specimen_001_A9_A09_009.fcs	20000	44.0	3951
Specimen_001_A10_A10_010.fcs	20000	51.0	6538
Specimen_001_A11_A11_011.fcs	20072	33.0	4950
Specimen_001_A12_A12_012.fcs	20000	51.0	6652
Specimen_001_A13_A13_013.fcs	20000	56.0	4635
Specimen_001_A14_A14_014.fcs	20000	45.0	5459
Specimen_001_A15_A15_015.fcs	20000	44.0	4662
Specimen_001_A16_A16_016.fcs	20000	32.0	4944
Specimen_001_A17_A17_017.fcs	20000	54.0	4655
Specimen_001_A18_A18_018.fcs	20000	37.0	4216
Specimen_001_A19_A19_019.fcs	20000	67.0	7889
Specimen_001_A20_A20_020.fcs	20000	54.0	6965
Specimen_001_A21_A21_021.fcs	20000	50.0	6235
Specimen_001_A22_A22_022.fcs	20000	36.0	5359
Specimen_001_A23_A23_023.fcs	20020	39.0	6127
Specimen_001_A24_A24_024.fcs	20000	32.0	5071
Specimen_001_B1_B01_025.fcs	17784	1340	9502
Specimen_001_B2_B02_026.fcs	14711	1048	3230
Specimen_001_B3_B03_027.fcs	14808	1168	6125
Specimen_001_B4_B04_028.fcs	9830	804	2504
Specimen_001_B5_B05_029.fcs	18095	1264	5916
Specimen_001_B6_B06_030.fcs	12819	975	2791
Specimen_001_B7_B07_031.fcs	14590	1135	5479
Specimen_001_B8_B08_032.fcs	8511	779	2486
Specimen_001_B9_B09_033.fcs	13957	955	4955
Specimen_001_B10_B10_034.fcs	8410	757	2290
Specimen_001_B11_B11_035.fcs	12304	1002	5234
Specimen_001_B12_B12_036.fcs	9724	856	1060
Specimen_001_B13_B13_037.fcs	16796	1038	3890
Specimen_001_B14_B14_038.fcs	11221	788	1664
Specimen_001_B15_B15_039.fcs	13843	941	5676
Specimen_001_B16_B16_040.fcs	8838	832	2852
Specimen_001_B17_B17_041.fcs	16011	998	4313
Specimen_001_B18_B18_042.fcs	9893	720	1504
Specimen_001_B19_B19_043.fcs	11459	1104	5641
Specimen_001_B20_B20_044.fcs	7200	843	2262
Specimen_001_B21_B21_045.fcs	18148	1026	4957
Specimen_001_B22_B22_046.fcs	11211	781	1656
Specimen_001_B23_B23_047.fcs	16481	936	4885
Specimen_001_B24_B24_048.fcs	11952	833	2182
Specimen_001_C1_C01_049.fcs	20000	34.0	3673
Specimen_001_C2_C02_050.fcs	20000	41.0	3729
Specimen_001_C3_C03_051.fcs	20000	33.0	1714
Specimen_001_C4_C04_052.fcs	20000	46.0	2293
Specimen_001_C5_C05_053.fcs	20000	36.0	2504
Specimen_001_C6_C06_054.fcs	20000	47.0	2376
Specimen_001_C7_C07_055.fcs	20000	49.0	3841
Specimen_001_C8_C08_056.fcs	20000	53.0	3216
Specimen_001_C9_C09_057.fcs	20000	32.0	2902
Specimen_001_C10_C10_058.fcs	20000	39.0	4108
Specimen_001_C11_C11_059.fcs	20000	56.0	6519
Specimen_001_C12_C12_060.fcs	20000	53.0	3110
Specimen_001_C13_C13_061.fcs	20000	58.0	3333
Specimen_001_C14_C14_062.fcs	20000	56.0	3773
Specimen_001_C15_C15_063.fcs	20000	50.0	5731
Specimen_001_C16_C16_064.fcs	20000	44.0	4647
Specimen_001_C17_C17_065.fcs	20000	85.0	4839
Specimen_001_C18_C18_066.fcs	20000	46.0	4342
Specimen_001_C19_C19_067.fcs	20000	62.0	3947
Specimen_001_C20_C20_068.fcs	20000	42.0	2881
Specimen_001_C21_C21_069.fcs	20000	44.0	4441
Specimen_001_C22_C22_070.fcs	20000	42.0	3910
Specimen_001_C23_C23_071.fcs	20000	46.0	7244
Specimen_001_C24_C24_072.fcs	20000	48.0	5417
Specimen_001_D1_D01_073.fcs	14561	954	4199
Specimen_001_D2_D02_074.fcs	11293	994	2507
Specimen_001_D3_D03_075.fcs	10225	900	3955
Specimen_001_D4_D04_076.fcs	13809	834	2635
Specimen_001_D5_D05_077.fcs	11291	753	2987
Specimen_001_D6_D06_078.fcs	12164	861	1759
Specimen_001_D7_D07_079.fcs	11136	833	2993
Specimen_001_D8_D08_080.fcs	7051	677	1625
Specimen_001_D9_D09_081.fcs	9946	695	2956
Specimen_001_D10_D10_082.fcs	7454	707	1084
Specimen_001_D11_D11_083.fcs	9561	659	2576
Specimen_001_D12_D12_084.fcs	6843	637	1791
Specimen_001_D13_D13_085.fcs	10256	693	2763
Specimen_001_D14_D14_086.fcs	5218	495	1433
Specimen_001_D15_D15_087.fcs	8725	742	3169
Specimen_001_D16_D16_088.fcs	6343	698	1433
Specimen_001_D17_D17_089.fcs	8116	794	2051
Specimen_001_D18_D18_090.fcs	6708	764	1092
Specimen_001_D19_D19_091.fcs	8180	539	1254
Specimen_001_D20_D20_092.fcs	7826	626	799
Specimen_001_D21_D21_093.fcs	9272	745	2816
Specimen_001_D22_D22_094.fcs	6626	607	996
Specimen_001_D23_D23_095.fcs	9434	776	2514
Specimen_001_D24_D24_096.fcs	7542	782	1341
Specimen_001_E1_E01_097.fcs	20000	47.0	4056
Specimen_001_E2_E02_098.fcs	20000	47.0	3484
Specimen_001_E3_E03_099.fcs	20000	46.0	3026
Specimen_001_E4_E04_100.fcs	20000	45.0	3203
Specimen_001_E5_E05_101.fcs	20000	39.0	2904
Specimen_001_E6_E06_102.fcs	20000	53.0	2209
Specimen_001_E7_E07_103.fcs	20000	52.0	3941
Specimen_001_E8_E08_104.fcs	20000	39.0	3034
Specimen_001_E9_E09_105.fcs	20000	46.0	4065
Specimen_001_E10_E10_106.fcs	20000	52.0	5575
Specimen_001_E11_E11_107.fcs	20000	59.0	3013
Specimen_001_E12_E12_108.fcs	20000	51.0	2955
Specimen_001_E13_E13_109.fcs	20000	44.0	3974
Specimen_001_E14_E14_110.fcs	20000	55.0	3320
Specimen_001_E15_E15_111.fcs	20000	54.0	4769
Specimen_001_E16_E16_112.fcs	20000	51.0	3693
Specimen_001_E17_E17_113.fcs	20000	105	5948
Specimen_001_E18_E18_114.fcs	20000	98.0	4969
Specimen_001_E19_E19_115.fcs	20000	64.0	4522
Specimen_001_E22_E22_118.fcs	20000	71.0	5646
Specimen_001_E23_E23_119.fcs	20000	46.0	5577
Specimen_001_E24_E24_120.fcs	20000	41.0	4251
Specimen_001_F1_F01_121.fcs	10676	990	2661
Specimen_001_F2_F02_122.fcs	13263	1050	1974
Specimen_001_F3_F03_123.fcs	8102	783	2710
Specimen_001_F4_F04_124.fcs	9837	705	1111
Specimen_001_F5_F05_125.fcs	6797	625	1778
Specimen_001_F6_F06_126.fcs	8898	668	1334
Specimen_001_F7_F07_127.fcs	3019	436	1365
Specimen_001_F8_F08_128.fcs	8334	612	912
Specimen_001_F9_F09_129.fcs	8646	651	1585
Specimen_001_F10_F10_130.fcs	7695	617	1610
Specimen_001_F11_F11_131.fcs	8735	646	1640
Specimen_001_F12_F12_132.fcs	7686	643	1004
Specimen_001_F13_F13_133.fcs	7356	710	2238
Specimen_001_F14_F14_134.fcs	6829	595	1201
Specimen_001_F15_F15_135.fcs	8771	671	2385
Specimen_001_F16_F16_136.fcs	6558	555	1322
Specimen_001_F17_F17_137.fcs	6151	778	2626
Specimen_001_F18_F18_138.fcs	4863	881	1378
Specimen_001_F19_F19_139.fcs	8328	630	1818
Specimen_001_F20_F20_140.fcs	6958	579	894
Specimen_001_F21_F21_141.fcs	8138	748	1909
Specimen_001_F22_F22_142.fcs	7103	738	1076
Specimen_001_F23_F23_143.fcs	11262	655	2375
Specimen_001_F24_F24_144.fcs	9769	707	1188
Specimen_001_G1_G01_145.fcs	20000	157	4989
Specimen_001_G2_G02_146.fcs	20000	46.0	4315
Specimen_001_G3_G03_147.fcs	20000	52.0	4137
Specimen_001_G4_G04_148.fcs	20000	43.0	2498
Specimen_001_G5_G05_149.fcs	20114	109	3209
Specimen_001_G6_G06_150.fcs	20000	41.0	2695
Specimen_001_G7_G07_151.fcs	20000	59.0	4409
Specimen_001_G8_G08_152.fcs	20000	32.0	2221
Specimen_001_G9_G09_153.fcs	20000	64.0	3607
Specimen_001_G10_G10_154.fcs	20000	58.0	5353
Specimen_001_G11_G11_155.fcs	20000	55.0	3968
Specimen_001_G12_G12_156.fcs	20000	42.0	3274
Specimen_001_G13_G13_157.fcs	20000	45.0	2893
Specimen_001_G14_G14_158.fcs	20000	41.0	3410
Specimen_001_G15_G15_159.fcs	20000	45.0	6385
Specimen_001_G16_G16_160.fcs	20000	62.0	2586
Specimen_001_G17_G17_161.fcs	20000	47.0	4882
Specimen_001_G18_G18_162.fcs	20000	58.0	4217
Specimen_001_G19_G19_163.fcs	20000	48.0	5760
Specimen_001_G20_G20_164.fcs	20000	39.0	4804
Specimen_001_G21_G21_165.fcs	20000	48.0	5511
Specimen_001_G22_G22_166.fcs	20000	45.0	4615
Specimen_001_G23_G23_167.fcs	20000	32.0	6055
Specimen_001_G24_G24_168.fcs	20000	50.0	4526
Specimen_001_H1_H01_169.fcs	13026	1067	2426
Specimen_001_H2_H02_170.fcs	11154	793	1658
Specimen_001_H3_H03_171.fcs	7937	845	1986
Specimen_001_H4_H04_172.fcs	11582	779	1623
Specimen_001_H5_H05_173.fcs	8234	673	1281
Specimen_001_H6_H06_174.fcs	6784	770	1706
Specimen_001_H7_H07_175.fcs	7337	676	1375
Specimen_001_H8_H08_176.fcs	8750	766	848
Specimen_001_H9_H09_177.fcs	6856	686	1298
Specimen_001_H10_H10_178.fcs	7233	759	2016
Specimen_001_H11_H11_179.fcs	12077	769	1447
Specimen_001_H12_H12_180.fcs	7274	635	1740
Specimen_001_H13_H13_181.fcs	7976	596	1322
Specimen_001_H14_H14_182.fcs	10073	687	1659
Specimen_001_H15_H15_183.fcs	5536	441	1112
Specimen_001_H16_H16_184.fcs	7661	588	1459
Specimen_001_H17_H17_185.fcs	7297	779	1755
Specimen_001_H18_H18_186.fcs	6902	712	1153
Specimen_001_H19_H19_187.fcs	6348	750	2380
Specimen_001_H20_H20_188.fcs	5247	685	1270
Specimen_001_H21_H21_189.fcs	7314	736	1830
Specimen_001_H22_H22_190.fcs	6870	817	1020
Specimen_001_H23_H23_191.fcs	7422	499	1744
Specimen_001_H24_H24_192.fcs	8117	728	1080
Specimen_001_I1_I01_193.fcs	20000	41.0	4206
Specimen_001_I2_I02_194.fcs	20000	64.0	6771
Specimen_001_I3_I03_195.fcs	20000	41.0	3649
Specimen_001_I4_I04_196.fcs	20000	44.0	4965
Specimen_001_I5_I05_197.fcs	20000	34.0	3613
Specimen_001_I6_I06_198.fcs	20000	60.0	3597
Specimen_001_I7_I07_199.fcs	20000	52.0	1588
Specimen_001_I8_I08_200.fcs	20000	45.0	3989
Specimen_001_I9_I09_201.fcs	20000	45.0	2261
Specimen_001_I10_I10_202.fcs	20000	55.0	3829
Specimen_001_I11_I11_203.fcs	20000	38.0	3393
Specimen_001_I12_I12_204.fcs	20000	48.0	3404
Specimen_001_I13_I13_205.fcs	20000	51.0	3999
Specimen_001_I14_I14_206.fcs	20000	77.0	8290
Specimen_001_I15_I15_207.fcs	20000	49.0	3196
Specimen_001_I16_I16_208.fcs	20000	66.0	5985
Specimen_001_I17_I17_209.fcs	20000	50.0	8312
Specimen_001_I18_I18_210.fcs	20000	50.0	7662
Specimen_001_I19_I19_211.fcs	20000	82.0	14725
Specimen_001_I20_I20_212.fcs	20000	66.0	9271
Specimen_001_I21_I21_213.fcs	20000	84.0	13609
Specimen_001_I22_I22_214.fcs	20000	62.0	9564
Specimen_001_I23_I23_215.fcs	20000	77.0	13885
Specimen_001_I24_I24_216.fcs	20000	68.0	12546
Specimen_001_J1_J01_217.fcs	10536	1171	3366
Specimen_001_J2_J02_218.fcs	12078	873	1230
Specimen_001_J3_J03_219.fcs	5209	635	1793
Specimen_001_J4_J04_220.fcs	8074	857	2105
Specimen_001_J5_J05_221.fcs	5997	684	1578
Specimen_001_J6_J06_222.fcs	10784	808	1546
Specimen_001_J7_J07_223.fcs	7473	671	2408
Specimen_001_J8_J08_224.fcs	6484	904	1921
Specimen_001_J9_J09_225.fcs	7158	732	1922
Specimen_001_J10_J10_226.fcs	9072	716	1330
Specimen_001_J11_J11_227.fcs	5606	621	1956
Specimen_001_J12_J12_228.fcs	6538	551	785
Specimen_001_J13_J13_229.fcs	6630	673	1977
Specimen_001_J14_J14_230.fcs	6831	723	1545
Specimen_001_J15_J15_231.fcs	7318	655	1478
Specimen_001_J16_J16_232.fcs	8749	723	1395
Specimen_001_J17_J17_233.fcs	4872	605	1351
Specimen_001_J18_J18_234.fcs	5802	584	1221
Specimen_001_J19_J19_235.fcs	5847	650	2079
Specimen_001_J20_J20_236.fcs	5688	650	1683
Specimen_001_J21_J21_237.fcs	6580	686	2530
Specimen_001_J22_J22_238.fcs	6122	706	2462
Specimen_001_J23_J23_239.fcs	7935	781	3381
Specimen_001_J24_J24_240.fcs	7571	776	2621
Specimen_001_K1_K01_241.fcs	20000	37.0	6869
Specimen_001_K2_K02_242.fcs	20000	39.0	2975
Specimen_001_K3_K03_243.fcs	20000	40.0	2604
Specimen_001_K4_K04_244.fcs	20000	41.0	1543
Specimen_001_K5_K05_245.fcs	20000	50.0	3112
Specimen_001_K6_K06_246.fcs	20000	35.0	2667
Specimen_001_K7_K07_247.fcs	20000	43.0	2342
Specimen_001_K8_K08_248.fcs	20000	37.0	2991
Specimen_001_K9_K09_249.fcs	20000	65.0	5094
Specimen_001_K10_K10_250.fcs	20000	44.0	4785
Specimen_001_K11_K11_251.fcs	20000	48.0	4084
Specimen_001_K12_K12_252.fcs	20000	33.0	3860
Specimen_001_K13_K13_253.fcs	20000	60.0	5547
Specimen_001_K14_K14_254.fcs	20000	39.0	4205
Specimen_001_K15_K15_255.fcs	20000	48.0	3649
Specimen_001_K16_K16_256.fcs	20000	45.0	3274
Specimen_001_K17_K17_257.fcs	20000	48.0	5804
Specimen_001_K18_K18_258.fcs	20000	39.0	5223
Specimen_001_K19_K19_259.fcs	20000	48.0	5984
Specimen_001_K20_K20_260.fcs	20000	50.0	5226
Specimen_001_K21_K21_261.fcs	20000	54.0	5556
Specimen_001_K22_K22_262.fcs	20000	57.0	4425
Specimen_001_K23_K23_263.fcs	20000	35.0	6194
Specimen_001_K24_K24_264.fcs	20000	34.0	5106
Specimen_001_L1_L01_265.fcs	13223	1068	1756
Specimen_001_L2_L02_266.fcs	14866	955	1665
Specimen_001_L3_L03_267.fcs	10197	794	1851
Specimen_001_L4_L04_268.fcs	10219	840	1679
Specimen_001_L5_L05_269.fcs	8645	724	1431
Specimen_001_L6_L06_270.fcs	8803	871	1676
Specimen_001_L7_L07_271.fcs	8854	688	1541
Specimen_001_L8_L08_272.fcs	8572	767	1641
Specimen_001_L9_L09_273.fcs	6225	655	1461
Specimen_001_L10_L10_274.fcs	6084	668	1266
Specimen_001_L11_L11_275.fcs	8246	778	2431
Specimen_001_L12_L12_276.fcs	8889	699	994
Specimen_001_L13_L13_277.fcs	7611	562	1266
Specimen_001_L14_L14_278.fcs	6649	672	1600
Specimen_001_L15_L15_279.fcs	7790	632	1205
Specimen_001_L16_L16_280.fcs	6052	763	1395
Specimen_001_L17_L17_281.fcs	6091	740	2344
Specimen_001_L18_L18_282.fcs	6052	756	1600
Specimen_001_L19_L19_283.fcs	8780	683	1938
Specimen_001_L20_L20_284.fcs	9392	748	1341
Specimen_001_L21_L21_285.fcs	8122	768	1505
Specimen_001_L22_L22_286.fcs	7922	777	1033
Specimen_001_L23_L23_287.fcs	7862	883	2697
Specimen_001_L24_L24_288.fcs	6659	707	1895
Specimen_001_M1_M01_289.fcs	20000	25.0	4412
Specimen_001_M2_M02_290.fcs	20000	31.0	3705
Specimen_001_M3_M03_291.fcs	20000	31.0	3343
Specimen_001_M4_M04_292.fcs	20000	31.0	2249
Specimen_001_M5_M05_293.fcs	20000	31.0	2998
Specimen_001_M6_M06_294.fcs	20000	34.0	1877
Specimen_001_M7_M07_295.fcs	20000	42.0	2598
Specimen_001_M8_M08_296.fcs	20000	50.0	2886
Specimen_001_M9_M09_297.fcs	20000	44.0	2255
Specimen_001_M10_M10_298.fcs	20000	36.0	2768
Specimen_001_M11_M11_299.fcs	20000	59.0	2536
Specimen_001_M12_M12_300.fcs	20000	29.0	2344
Specimen_001_M13_M13_301.fcs	20000	35.0	3353
Specimen_001_M14_M14_302.fcs	20000	51.0	2389
Specimen_001_M15_M15_303.fcs	20000	50.0	3158
Specimen_001_M16_M16_304.fcs	20000	33.0	2720
Specimen_001_M17_M17_305.fcs	20000	34.0	3694
Specimen_001_M18_M18_306.fcs	20000	42.0	3208
Specimen_001_M19_M19_307.fcs	20000	27.0	3822
Specimen_001_M20_M20_308.fcs	20000	32.0	3163
Specimen_001_M21_M21_309.fcs	20000	48.0	5460
Specimen_001_M22_M22_310.fcs	20000	43.0	4284
Specimen_001_M23_M23_311.fcs	20000	35.0	12695
Specimen_001_M24_M24_312.fcs	20000	48.0	9442
Specimen_001_N1_N01_313.fcs	13589	1030	2185
Specimen_001_N2_N02_314.fcs	7957	862	1330
Specimen_001_N3_N03_315.fcs	12526	788	1559
Specimen_001_N4_N04_316.fcs	11504	891	910
Specimen_001_N5_N05_317.fcs	7646	837	1905
Specimen_001_N6_N06_318.fcs	13118	788	2413
Specimen_001_N7_N07_319.fcs	10968	785	2338
Specimen_001_N8_N08_320.fcs	11813	708	1091
Specimen_001_N9_N09_321.fcs	9668	655	1655
Specimen_001_N10_N10_322.fcs	9269	759	1175
Specimen_001_N11_N11_323.fcs	11163	834	2141
Specimen_001_N12_N12_324.fcs	10857	911	1212
Specimen_001_N13_N13_325.fcs	10302	723	1667
Specimen_001_N14_N14_326.fcs	10172	809	1944
Specimen_001_N15_N15_327.fcs	6905	759	2366
Specimen_001_N16_N16_328.fcs	9341	753	1115
Specimen_001_N17_N17_329.fcs	9111	720	1338
Specimen_001_N18_N18_330.fcs	11052	882	1227
Specimen_001_N19_N19_331.fcs	9305	694	1327
Specimen_001_N20_N20_332.fcs	9989	823	1021
Specimen_001_N21_N21_333.fcs	9253	923	1911
Specimen_001_N22_N22_334.fcs	7369	758	992
Specimen_001_N23_N23_335.fcs	10128	992	3181
Specimen_001_N24_N24_336.fcs	7867	802	1957
Specimen_001_O1_O01_337.fcs	20000	23.0	10945
Specimen_001_O2_O02_338.fcs	20000	69.0	19498
Specimen_001_O3_O03_339.fcs	20000	39.0	6523
Specimen_001_O4_O04_340.fcs	20000	72.0	19455
Specimen_001_O5_O05_341.fcs	20000	25.0	3784
Specimen_001_O6_O06_342.fcs	20000	81.0	19427
Specimen_001_O7_O07_343.fcs	20000	32.0	4773
Specimen_001_O8_O08_344.fcs	20000	84.0	19427
Specimen_001_O9_O09_345.fcs	20000	43.0	3533
Specimen_001_O10_O10_346.fcs	20000	89.0	19428
Specimen_001_O11_O11_347.fcs	20000	38.0	4808
Specimen_001_O12_O12_348.fcs	20000	85.0	19367
Specimen_001_O13_O13_349.fcs	20000	28.0	3554
