Specimen_001_A1_A01.fcs	20000	19939	14420
Specimen_001_A2_A02.fcs	20000	19966	11846
Specimen_001_A3_A03.fcs	20000	19976	12477
Specimen_001_A4_A04.fcs	20000	19950	13534
Specimen_001_A5_A05.fcs	20000	19917	9036
Specimen_001_A6_A06.fcs	20000	19961	8500
Specimen_001_A7_A07.fcs	20000	19959	12785
Specimen_001_A8_A08.fcs	20000	19932	12440
Specimen_001_A9_A09.fcs	20000	19966	11238
Specimen_001_A10_A10.fcs	20000	19941	12107
Specimen_001_A11_A11.fcs	20000	19938	14084
Specimen_001_A12_A12.fcs	20000	19949	6969
Specimen_001_A13_A13.fcs	20000	19983	8847
Specimen_001_A14_A14.fcs	20000	19922	7891
Specimen_001_A15_A15.fcs	20000	19971	14219
Specimen_001_A16_A16.fcs	20000	19973	13171
Specimen_001_A17_A17.fcs	20000	19822	8545
Specimen_001_A18_A18.fcs	20000	19931	6339
Specimen_001_A19_A19.fcs	20000	19948	12306
Specimen_001_A20_A20.fcs	17615	17582	10026
Specimen_001_A21_A21.fcs	20000	19972	8153
Specimen_001_A22_A22.fcs	20000	19994	7047
Specimen_001_A23_A23.fcs	20000	19917	11098
Specimen_001_A24_A24.fcs	20000	19986	10233
Specimen_001_B1_B01.fcs	20000	19905	14429
Specimen_001_B2_B02.fcs	20000	19864	10703
Specimen_001_B3_B03.fcs	20000	19787	12838
Specimen_001_B4_B04.fcs	20000	19921	13956
Specimen_001_B5_B05.fcs	20000	19914	10403
Specimen_001_B6_B06.fcs	20000	19835	9573
Specimen_001_B7_B07.fcs	20000	19841	13082
Specimen_001_B8_B08.fcs	20000	19835	12922
Specimen_001_B9_B09.fcs	20000	19808	12108
Specimen_001_B10_B10.fcs	20000	19839	12258
Specimen_001_B11_B11.fcs	20000	19911	14363
Specimen_001_B12_B12.fcs	20000	19830	9407
Specimen_001_B13_B13.fcs	20000	19823	10539
Specimen_001_B14_B14.fcs	20000	19807	9868
Specimen_001_B15_B15.fcs	20000	19815	14464
Specimen_001_B16_B16.fcs	20000	19849	13374
Specimen_001_B17_B17.fcs	20000	19859	9863
Specimen_001_B18_B18.fcs	20000	19906	8623
Specimen_001_B19_B19.fcs	20000	19859	12060
Specimen_001_B20_B20.fcs	20000	19776	12229
Specimen_001_B21_B21.fcs	20000	19846	9309
Specimen_001_B22_B22.fcs	20000	19757	8514
Specimen_001_B23_B23.fcs	20000	19757	9834
Specimen_001_B24_B24.fcs	20000	19867	9859
Specimen_001_C1_C01.fcs	20000	19972	9818
Specimen_001_C2_C02.fcs	20000	19958	10200
Specimen_001_C3_C03.fcs	20000	19948	13019
Specimen_001_C4_C04.fcs	20000	19981	6034
Specimen_001_C5_C05.fcs	20000	19925	8300
Specimen_001_C6_C06.fcs	20000	19975	6271
Specimen_001_C7_C07.fcs	20000	19929	8306
Specimen_001_C8_C08.fcs	20000	19871	10393
Specimen_001_C9_C09.fcs	20000	19936	9187
Specimen_001_C10_C10.fcs	19955	19866	7698
Specimen_001_C11_C11.fcs	20000	19929	8862
Specimen_001_C12_C12.fcs	20000	19925	13940
Specimen_001_C13_C13.fcs	20000	19944	8650
Specimen_001_C14_C14.fcs	19695	19606	9879
Specimen_001_C15_C15.fcs	20000	19897	12990
Specimen_001_C16_C16.fcs	17030	16828	9250
Specimen_001_C17_C17.fcs	19175	19035	7059
Specimen_001_C18_C18.fcs	14950	14807	3962
Specimen_001_C19_C19.fcs	19175	19089	6397
Specimen_001_C20_C20.fcs	16445	16335	4148
Specimen_001_C21_C21.fcs	20000	19886	6641
Specimen_001_C22_C22.fcs	20000	19965	5476
Specimen_001_C23_C23.fcs	17745	17714	9674
Specimen_001_C24_C24.fcs	10920	10870	5350
Specimen_001_D1_D01.fcs	19955	19856	10413
Specimen_001_D2_D02.fcs	19435	19329	10499
Specimen_001_D3_D03.fcs	20000	19725	12989
Specimen_001_D4_D04.fcs	20000	19797	8687
Specimen_001_D5_D05.fcs	16835	16612	7024
Specimen_001_D6_D06.fcs	20000	19694	10062
Specimen_001_D7_D07.fcs	20000	19812	9421
Specimen_001_D8_D08.fcs	20000	19709	11940
Specimen_001_D9_D09.fcs	20000	19858	10082
Specimen_001_D10_D10.fcs	20000	19627	9596
Specimen_001_D11_D11.fcs	20000	19804	10526
Specimen_001_D12_D12.fcs	20000	19778	13089
Specimen_001_D13_D13.fcs	20000	19822	10291
Specimen_001_D14_D14.fcs	20000	19710	11460
Specimen_001_D15_D15.fcs	20000	19620	13682
Specimen_001_D16_D16.fcs	20000	19760	12279
Specimen_001_D17_D17.fcs	20000	19688	8340
Specimen_001_D18_D18.fcs	18655	18050	7073
Specimen_001_D19_D19.fcs	20085	19635	8446
Specimen_001_D20_D20.fcs	19240	18804	6899
Specimen_001_D21_D21.fcs	20000	19821	8633
Specimen_001_D22_D22.fcs	20000	19755	8134
Specimen_001_D23_D23.fcs	20000	19720	10502
Specimen_001_D24_D24.fcs	20000	19679	10281
Specimen_001_E1_E01.fcs	20000	19821	10862
Specimen_001_E2_E02.fcs	20000	19933	7454
Specimen_001_E3_E03.fcs	20000	19794	13808
Specimen_001_E4_E04.fcs	20000	19868	7528
Specimen_001_E5_E05.fcs	20000	19933	7071
Specimen_001_E6_E06.fcs	20000	19907	6601
Specimen_001_E7_E07.fcs	19955	19901	12164
Specimen_001_E8_E08.fcs	20000	19964	7332
Specimen_001_E9_E09.fcs	20000	19991	6664
Specimen_001_E10_E10.fcs	20000	19908	7076
Specimen_001_E11_E11.fcs	20000	19986	5868
Specimen_001_E12_E12.fcs	20000	19960	6692
Specimen_001_E13_E13.fcs	20000	19907	11330
Specimen_001_E14_E14.fcs	20000	19928	7881
Specimen_001_E15_E15.fcs	20000	19891	7925
Specimen_001_E16_E16.fcs	20000	19906	6572
Specimen_001_E17_E17.fcs	18460	18310	9659
Specimen_001_E18_E18.fcs	16120	16064	6847
Specimen_001_E19_E19.fcs	20000	19915	6428
Specimen_001_E20_E20.fcs	19825	19669	5439
Specimen_001_E21_E21.fcs	19045	18808	8062
Specimen_001_E22_E22.fcs	17745	17573	6240
Specimen_001_E23_E23.fcs	20000	19840	7529
Specimen_001_E24_E24.fcs	20000	19835	6792
Specimen_001_F1_F01.fcs	20000	19741	11959
Specimen_001_F2_F02.fcs	20000	19761	9140
Specimen_001_F3_F03.fcs	20000	19710	12484
Specimen_001_F4_F04.fcs	20000	19706	10530
Specimen_001_F5_F05.fcs	20000	19802	8990
Specimen_001_F6_F06.fcs	20000	19707	9429
Specimen_001_F7_F07.fcs	20000	19755	14133
Specimen_001_F8_F08.fcs	20000	19752	9405
Specimen_001_F9_F09.fcs	20000	19727	8171
Specimen_001_F10_F10.fcs	20000	19677	9498
Specimen_001_F11_F11.fcs	20000	19660	8438
Specimen_001_F12_F12.fcs	20000	19660	9113
Specimen_001_F13_F13.fcs	20000	19764	12300
Specimen_001_F14_F14.fcs	20000	19665	10190
Specimen_001_F15_F15.fcs	20000	19806	9699
Specimen_001_F16_F16.fcs	20000	19591	9221
Specimen_001_F17_F17.fcs	20000	19606	11239
Specimen_001_F18_F18.fcs	17680	17289	9011
Specimen_001_F19_F19.fcs	20000	19613	8471
Specimen_001_F20_F20.fcs	20000	19527	7754
Specimen_001_F21_F21.fcs	20000	19520	10333
Specimen_001_F22_F22.fcs	20000	19553	10201
Specimen_001_F23_F23.fcs	20000	19601	8547
Specimen_001_F24_F24.fcs	20000	19599	8090
Specimen_001_G1_G01.fcs	20000	19834	7355
Specimen_001_G2_G02.fcs	20000	19837	5520
Specimen_001_G3_G03.fcs	20000	19821	9043
Specimen_001_G4_G04.fcs	20000	19807	5509
Specimen_001_G5_G05.fcs	20000	19852	6764
Specimen_001_G6_G06.fcs	19110	18842	11100
Specimen_001_G7_G07.fcs	19240	19075	8237
Specimen_001_G8_G08.fcs	20000	19835	5077
Specimen_001_G9_G09.fcs	20000	19879	6321
Specimen_001_G10_G10.fcs	16965	16770	8913
Specimen_001_G11_G11.fcs	20000	19790	5882
Specimen_001_G12_G12.fcs	20000	19716	8225
Specimen_001_G13_G13.fcs	20000	19856	8114
Specimen_001_G14_G14.fcs	20000	19805	5919
Specimen_001_G15_G15.fcs	20000	19835	6174
Specimen_001_G16_G16.fcs	20000	19769	5876
Specimen_001_G17_G17.fcs	20000	19738	6629
Specimen_001_G18_G18.fcs	15925	15783	3976
Specimen_001_G19_G19.fcs	19370	19179	8642
Specimen_001_G20_G20.fcs	16380	16170	5688
Specimen_001_G21_G21.fcs	19370	19163	7976
Specimen_001_G22_G22.fcs	15730	15604	4343
Specimen_001_G23_G23.fcs	20000	19882	8691
Specimen_001_G24_G24.fcs	17420	17237	6691
Specimen_001_H1_H01.fcs	20000	19745	7855
Specimen_001_H2_H02.fcs	20000	19707	9239
Specimen_001_H3_H03.fcs	20000	19783	9667
Specimen_001_H4_H04.fcs	20000	19634	9029
Specimen_001_H5_H05.fcs	20000	19819	8606
Specimen_001_H6_H06.fcs	20000	19819	13285
Specimen_001_H7_H07.fcs	20000	19876	10160
Specimen_001_H8_H08.fcs	20000	19613	9966
Specimen_001_H9_H09.fcs	20000	19750	8459
Specimen_001_H10_H10.fcs	20000	19717	12214
Specimen_001_H11_H11.fcs	20000	19807	7561
Specimen_001_H12_H12.fcs	20000	19693	10658
Specimen_001_H13_H13.fcs	20000	19796	10001
Specimen_001_H14_H14.fcs	20000	19739	9265
Specimen_001_H15_H15.fcs	20000	19582	7938
Specimen_001_H16_H16.fcs	20000	19831	9765
Specimen_001_H17_H17.fcs	20000	19671	8580
Specimen_001_H18_H18.fcs	20000	19798	8274
Specimen_001_H19_H19.fcs	20000	19717	10567
Specimen_001_H20_H20.fcs	19565	19278	9571
Specimen_001_H21_H21.fcs	20000	19728	9303
Specimen_001_H22_H22.fcs	20000	19786	7669
Specimen_001_H23_H23.fcs	20000	19733	10079
Specimen_001_H24_H24.fcs	20000	19441	9200
Specimen_001_I1_I01.fcs	20000	19918	12052
Specimen_001_I2_I02.fcs	20000	19844	6802
Specimen_001_I3_I03.fcs	20000	19864	11939
Specimen_001_I4_I04.fcs	20000	19834	11767
Specimen_001_I5_I05.fcs	20000	19886	10599
Specimen_001_I6_I06.fcs	19435	19308	6488
Specimen_001_I7_I07.fcs	20000	19802	6647
Specimen_001_I8_I08.fcs	20000	19739	11857
Specimen_001_I9_I09.fcs	20000	19819	7466
Specimen_001_I10_I10.fcs	20000	19822	6004
Specimen_001_I11_I11.fcs	19500	19434	11269
Specimen_001_I12_I12.fcs	18070	17962	6441
Specimen_001_I13_I13.fcs	20000	19938	9539
Specimen_001_I14_I14.fcs	20000	19969	13903
Specimen_001_I15_I15.fcs	20000	19927	6587
Specimen_001_I16_I16.fcs	20000	19908	6662
Specimen_001_I17_I17.fcs	18070	17911	9670
Specimen_001_I18_I18.fcs	13585	13397	7024
Specimen_001_I19_I19.fcs	19175	19069	11700
Specimen_001_I20_I20.fcs	16380	16197	9620
Specimen_001_I21_I21.fcs	20000	19758	12798
Specimen_001_I22_I22.fcs	15925	15583	10230
Specimen_001_I23_I23.fcs	20000	19809	14605
Specimen_001_I24_I24.fcs	20085	19892	13456
Specimen_001_J1_J01.fcs	20000	19533	11982
Specimen_001_J2_J02.fcs	20000	19641	10267
Specimen_001_J3_J03.fcs	20000	19613	13635
Specimen_001_J4_J04.fcs	20000	19793	12887
Specimen_001_J5_J05.fcs	20000	19661	12159
Specimen_001_J6_J06.fcs	20000	19559	9029
Specimen_001_J7_J07.fcs	20000	19580	8961
Specimen_001_J8_J08.fcs	20000	19806	12745
Specimen_001_J9_J09.fcs	20000	19725	10739
Specimen_001_J10_J10.fcs	20000	19529	8951
Specimen_001_J11_J11.fcs	20000	19615	12596
Specimen_001_J12_J12.fcs	20000	19570	9690
Specimen_001_J13_J13.fcs	20000	19486	11098
Specimen_001_J14_J14.fcs	20000	19540	12426
Specimen_001_J15_J15.fcs	20000	19584	8710
Specimen_001_J16_J16.fcs	20000	19488	9210
Specimen_001_J17_J17.fcs	18525	17882	11150
Specimen_001_J18_J18.fcs	16900	16257	10551
Specimen_001_J19_J19.fcs	20000	19649	13479
Specimen_001_J20_J20.fcs	19045	18679	12536
Specimen_001_J21_J21.fcs	20000	19533	14312
Specimen_001_J22_J22.fcs	20000	19517	15227
Specimen_001_J23_J23.fcs	20000	19537	15382
Specimen_001_J24_J24.fcs	20000	19513	14622
Specimen_001_K1_K01.fcs	20000	19840	7123
Specimen_001_K2_K02.fcs	20000	19873	5379
Specimen_001_K3_K03.fcs	20000	19896	8272
Specimen_001_K4_K04.fcs	20000	19805	6749
Specimen_001_K5_K05.fcs	20000	19758	8191
Specimen_001_K6_K06.fcs	17875	17681	8792
Specimen_001_K7_K07.fcs	20000	19765	6249
Specimen_001_K8_K08.fcs	16705	16464	7338
Specimen_001_K9_K09.fcs	16965	16918	7779
Specimen_001_K10_K10.fcs	14040	14025	7373
Specimen_001_K11_K11.fcs	20000	19880	11313
Specimen_001_K12_K12.fcs	19435	19393	5370
Specimen_001_K13_K13.fcs	20000	19876	5927
Specimen_001_K14_K14.fcs	13585	13475	7247
Specimen_001_K15_K15.fcs	20000	19867	6763
Specimen_001_K16_K16.fcs	13520	13363	7204
Specimen_001_K17_K17.fcs	20000	19893	10664
Specimen_001_K18_K18.fcs	20000	19795	9111
Specimen_001_K19_K19.fcs	20000	19791	9834
Specimen_001_K20_K20.fcs	20000	19928	9320
Specimen_001_K21_K21.fcs	20000	19838	7579
Specimen_001_K22_K22.fcs	18395	18184	5533
Specimen_001_K23_K23.fcs	20000	19940	11627
Specimen_001_K24_K24.fcs	20000	19752	11132
Specimen_001_L1_L01.fcs	20000	19639	9616
Specimen_001_L2_L02.fcs	20000	19600	10081
Specimen_001_L3_L03.fcs	20000	19556	9209
Specimen_001_L4_L04.fcs	20000	19489	14005
Specimen_001_L5_L05.fcs	20000	19537	9954
Specimen_001_L6_L06.fcs	20000	19396	11810
Specimen_001_L7_L07.fcs	20000	19514	7844
Specimen_001_L8_L08.fcs	20000	19535	12528
Specimen_001_L9_L09.fcs	20000	19424	11300
Specimen_001_L10_L10.fcs	20000	19477	12284
Specimen_001_L11_L11.fcs	20000	19652	12079
Specimen_001_L12_L12.fcs	20000	19465	8427
Specimen_001_L13_L13.fcs	20000	19453	8381
Specimen_001_L14_L14.fcs	19760	19233	12113
Specimen_001_L15_L15.fcs	20000	19394	8534
Specimen_001_L16_L16.fcs	17745	17250	10911
Specimen_001_L17_L17.fcs	20000	19588	10187
Specimen_001_L18_L18.fcs	20000	19590	9013
Specimen_001_L19_L19.fcs	20000	19729	10537
Specimen_001_L20_L20.fcs	20000	19715	8825
Specimen_001_L21_L21.fcs	20000	19664	9069
Specimen_001_L22_L22.fcs	19955	19600	9395
Specimen_001_L23_L23.fcs	20000	19743	13974
Specimen_001_L24_L24.fcs	20000	19812	13917
Specimen_001_M1_M01.fcs	20000	19862	6422
Specimen_001_M2_M02.fcs	18590	18408	10440
Specimen_001_M3_M03.fcs	20000	19955	5427
Specimen_001_M4_M04.fcs	20000	19906	6458
Specimen_001_M5_M05.fcs	20000	19866	11885
Specimen_001_M6_M06.fcs	20000	19903	8339
Specimen_001_M7_M07.fcs	20000	19885	5793
Specimen_001_M8_M08.fcs	20000	19900	5715
Specimen_001_M9_M09.fcs	20000	19861	6089
Specimen_001_M10_M10.fcs	20000	19887	6292
Specimen_001_M11_M11.fcs	20000	19852	6114
Specimen_001_M12_M12.fcs	20000	19715	5854
Specimen_001_M13_M13.fcs	20000	19834	5884
Specimen_001_M14_M14.fcs	20000	19832	7951
Specimen_001_M15_M15.fcs	18590	18505	11117
Specimen_001_M16_M16.fcs	18460	18379	6215
Specimen_001_M17_M17.fcs	18265	18190	6535
Specimen_001_M18_M18.fcs	16965	16899	5129
Specimen_001_M19_M19.fcs	20000	19935	7251
Specimen_001_M20_M20.fcs	17940	17890	4687
Specimen_001_M21_M21.fcs	20000	19907	7754
Specimen_001_M22_M22.fcs	19890	19813	6384
Specimen_001_M23_M23.fcs	20000	19954	13011
Specimen_001_M24_M24.fcs	19175	19128	11510
Specimen_001_N1_N01.fcs	20000	19800	10300
Specimen_001_N2_N02.fcs	20000	19848	14219
Specimen_001_N3_N03.fcs	20000	19760	9499
Specimen_001_N4_N04.fcs	20000	19852	9937
Specimen_001_N5_N05.fcs	20000	19590	12286
Specimen_001_N6_N06.fcs	20000	19810	10599
Specimen_001_N7_N07.fcs	20000	19764	9230
Specimen_001_N8_N08.fcs	20000	19654	7870
Specimen_001_N9_N09.fcs	20000	19793	9502
Specimen_001_N10_N10.fcs	20000	19721	9063
Specimen_001_N11_N11.fcs	20000	19698	9214
Specimen_001_N12_N12.fcs	20000	19782	8233
Specimen_001_N13_N13.fcs	20000	19727	9418
Specimen_001_N14_N14.fcs	20000	19851	9839
Specimen_001_N15_N15.fcs	20000	19630	13259
Specimen_001_N16_N16.fcs	20000	19575	9015
Specimen_001_N17_N17.fcs	20000	19660	8225
Specimen_001_N18_N18.fcs	20000	19650	8578
Specimen_001_N19_N19.fcs	20000	19523	8815
Specimen_001_N20_N20.fcs	20000	19427	7639
Specimen_001_N21_N21.fcs	20000	19577	9786
Specimen_001_N22_N22.fcs	20000	19704	9480
Specimen_001_N23_N23.fcs	20000	19542	14287
Specimen_001_N24_N24.fcs	20000	19580	13199
Specimen_001_O1_O01.fcs	20000	19939	7033
Specimen_001_O2_O02.fcs	20000	19955	14006
Specimen_001_O3_O03.fcs	20000	19918	8225
Specimen_001_O4_O04.fcs	20000	19841	11541
Specimen_001_O5_O05.fcs	20000	19876	8296
Specimen_001_O6_O06.fcs	20000	19959	10074
Specimen_001_O7_O07.fcs	20000	19962	8747
Specimen_001_O8_O08.fcs	20000	19935	5255
Specimen_001_O9_O09.fcs	20000	19932	7912
Specimen_001_O10_O10.fcs	20000	19890	7373
Specimen_001_O11_O11.fcs	19955	19864	8854
Specimen_001_O12_O12.fcs	20000	19953	6138
Specimen_001_O13_O13.fcs	20000	19984	8239
Specimen_001_O14_O14.fcs	18265	18195	10119
Specimen_001_O15_O15.fcs	20000	19951	6772
Specimen_001_O16_O16.fcs	20000	19876	9679
Specimen_001_O17_O17.fcs	20000	19760	10855
Specimen_001_O18_O18.fcs	18265	18172	9538
Specimen_001_O19_O19.fcs	20000	19938	13239
Specimen_001_O20_O20.fcs	18070	17948	11314
Specimen_001_O21_O21.fcs	20000	19898	13512
Specimen_001_O22_O22.fcs	20000	19926	13136
Specimen_001_O23_O23.fcs	20000	19896	19498
Specimen_001_O24_O24.fcs	20000	19918	19670
Specimen_001_P1_P01.fcs	20000	19738	9539
Specimen_001_P2_P02.fcs	20000	19723	14038
Specimen_001_P3_P03.fcs	20000	19636	10384
Specimen_001_P4_P04.fcs	20000	19594	13399
Specimen_001_P5_P05.fcs	20000	19606	9381
Specimen_001_P6_P06.fcs	20000	19611	12160
Specimen_001_P7_P07.fcs	20000	19869	11421
Specimen_001_P8_P08.fcs	20000	19632	9925
Specimen_001_P9_P09.fcs	20000	19544	9787
Specimen_001_P10_P10.fcs	20000	19605	10564
Specimen_001_P11_P11.fcs	20000	19667	9951
Specimen_001_P12_P12.fcs	20000	19678	9625
Specimen_001_P13_P13.fcs	20000	19772	9382
Specimen_001_P14_P14.fcs	20000	19539	12789
Specimen_001_P15_P15.fcs	20000	19661	8543
Specimen_001_P16_P16.fcs	20000	19845	11630
Specimen_001_P17_P17.fcs	20000	19509	12252
Specimen_001_P18_P18.fcs	20000	19381	12324
Specimen_001_P19_P19.fcs	20000	19390	13917
Specimen_001_P20_P20.fcs	20000	19442	14134
Specimen_001_P21_P21.fcs	20000	19474	14772
Specimen_001_P22_P22.fcs	20000	19434	13876
Specimen_001_P23_P23.fcs	20000	19653	19493
Specimen_001_P24_P24.fcs	20000	19878	19658
